40 128.4 130.2 1.8
40 191.2 192.9 1.7
40 241.7 243.8 2.1
40 273.3 275.1 1.9
40 299.5 301.3 1.8
40 379.2 380.8 1.6
40 385.2 387.7 2.5
40 416.3 418.5 2.3
40 442.6 444.5 1.8
40 508.7 510.5 1.9
40 645.9 647.9 2.0
40 704.6 706.2 1.5
40 757.7 759.7 2.0
40 901.5 903.9 2.4
40 929.5 931.4 1.9
40 1032.3 1033.9 1.6
40 1106.0 1107.6 1.6
40 1110.9 1112.7 1.8
40 1139.8 1142.1 2.3
40 1217.1 1218.8 1.7
40 1237.7 1239.6 1.9
40 1250.5 1252.1 1.5
40 1297.8 1299.9 2.2
40 1367.8 1369.4 1.6
40 1376.5 1378.0 1.6
40 1433.7 1437.3 3.6
40 1526.7 1528.4 1.7
40 1634.3 1635.9 1.6
40 1922.5 1924.5 1.9
40 1984.5 1986.3 1.7
40 2024.0 2027.0 3.0
40 2035.9 2037.9 2.0
40 2064.5 2066.3 1.7
40 2071.6 2073.2 1.6
40 2100.1 2102.6 2.5
40 2102.6 2105.9 3.3
40 2107.5 2110.1 2.6
40 2156.9 2158.6 1.7
40 2158.6 2160.2 1.6
40 2160.3 2166.4 6.1
40 2280.1 2282.3 2.2
40 2284.2 2285.9 1.7
40 2316.9 2319.7 2.7
40 2751.5 2753.1 1.7
40 2769.2 2772.5 3.4
40 2851.6 2853.8 2.2
40 2871.9 2874.0 2.1
40 2883.5 2885.7 2.2
40 2929.2 2931.3 2.1
40 2933.1 2935.2 2.1
40 2942.8 2945.7 2.9
40 3133.4 3135.2 1.8
40 3224.9 3228.5 3.6
40 3235.3 3236.9 1.5
40 3236.9 3239.8 2.9
40 3251.9 3257.0 5.1
40 3264.9 3267.6 2.7
40 3485.8 3488.5 2.6
40 3532.7 3534.4 1.7
40 3552.9 3554.6 1.7
40 3594.2 3595.9 1.7
40 3627.1 3629.4 2.3
40 3644.2 3646.9 2.8
40 3646.9 3649.5 2.5
40 3656.1 3658.5 2.4
40 3658.6 3660.2 1.6
40 3664.2 3666.2 2.1
40 3667.9 3671.1 3.2
40 3682.7 3688.3 5.6
