18.2864 19.205313 0.918875
22.3617 23.1975 0.835813
27.6737 28.30325 0.629563
42.6833 43.39025 0.706937
52.9661 53.854875 0.888813
56.2184 56.820125 0.601688
62.7831 63.555375 0.772313
69.2788 69.890062 0.61125
77.9741 78.925875 0.95175
95.7438 96.357 0.613187
111.199 111.898 0.698625
113.115 114.135875 1.020813
127.236 128.043062 0.807125
128.436 130.246563 1.810188
130.29 131.0965 0.806312
138.412 139.231063 0.818937
144.379 144.995438 0.616062
151.678 152.960875 1.282438
159.317 160.040437 0.722938
160.951 161.597563 0.646625
168.768 169.435125 0.666625
176.455 177.811688 1.356437
182.617 183.60775 0.99075
188.97 189.780875 0.810937
189.865 191.192 1.32725
191.199 192.868625 1.669312
206.362 207.710625 1.34875
207.711 208.540813 0.830125
220.795 221.595375 0.799937
222.182 223.037937 0.855563
231.666 232.290063 0.6245
238.669 239.73 1.061187
241.737 243.842938 2.106313
247.17 248.019813 0.850125
259.159 259.778 0.61875
260.335 261.06025 0.724812
266.758 267.533813 0.775438
273.279 275.145875 1.866875
275.201 276.469875 1.268687
282.386 283.268312 0.882563
287.965 288.747875 0.782438
295.75 296.401687 0.65175
299.498 301.265812 1.767437
311.178 311.818062 0.640062
316.844 317.465 0.620875
322.487 323.150438 0.663125
328.267 329.220188 0.953187
332.526 333.7665 1.240312
335.354 335.966125 0.611938
347.426 348.166 0.740063
350.24 351.442625 1.203062
370.557 371.236125 0.679125
379.197 380.776375 1.57975
385.209 387.737063 2.528375
391.634 392.408813 0.775188
405.187 405.924688 0.737313
416.285 418.548812 2.264063
421.228 421.830125 0.602187
431.926 432.942437 1.016063
442.64 444.477312 1.837562
446.079 446.691625 0.612187
471.51 472.449437 0.938937
472.571 473.390188 0.818937
482.329 483.027812 0.698375
489.32 490.013625 0.693688
495.249 495.98275 0.733938
501.612 502.241625 0.629375
502.949 503.84625 0.897437
508.656 510.5405 1.884937
524.237 525.079062 0.842187
530.989 531.718438 0.729313
553.889 554.519937 0.630437
557.003 557.6425 0.639125
563.709 564.417438 0.7085
569.192 569.850875 0.65875
577.335 577.946312 0.61175
586.386 587.08625 0.70025
593.201 594.42525 1.223812
596.612 597.407375 0.79525
609.351 609.984125 0.633563
613.161 613.791187 0.630188
625.462 626.272125 0.81
630.136 631.090688 0.95475
645.912 647.904875 1.992813
652.281 652.983187 0.702625
661.384 662.587562 1.203375
662.875 663.575125 0.700625
668.337 669.067 0.729812
675.798 676.411625 0.613812
680.948 681.6775 0.729313
692.29 693.186563 0.89625
696.664 697.339563 0.675188
704.629 706.175875 1.546938
710.96 711.583687 0.623188
714.603 715.35025 0.746938
720.107 720.81625 0.7095
724.989 725.73225 0.743125
728.014 728.971063 0.956688
731.476 732.518563 1.042812
741.531 742.302688 0.771625
745.289 745.950438 0.661312
747.489 748.903375 1.413938
750.518 751.384688 0.866625
757.729 759.73375 2.004812
762.939 763.697063 0.758313
768.486 769.667375 1.181563
773.092 773.866 0.773625
802.848 803.52175 0.674188
807.217 808.017187 0.800375
815.403 816.132625 0.729313
816.568 817.729312 1.161375
820.224 821.249563 1.025937
839.161 839.797312 0.636625
842.083 843.177437 1.094313
848.855 849.582938 0.727625
858.428 859.060125 0.632375
864.755 865.356625 0.601125
866.907 867.766875 0.85975
880.757 881.665313 0.908375
890.244 890.911 0.66675
894.874 896.016188 1.142
896.94 898.018688 1.07825
899.953 901.027187 1.073937
901.461 903.889563 2.428562
904.371 905.525125 1.154187
915.92 916.6175 0.697688
922.05 922.978062 0.92775
928.655 929.497187 0.842187
929.498 931.373563 1.875938
935.471 936.129188 0.658438
953.273 953.927312 0.654125
970.246 971.118625 0.872875
973.767 974.650313 0.883313
982.914 984.089938 1.176063
986.967 988.288188 1.321
1000.53 1001.435313 0.910062
1004.2 1004.871625 0.668563
1007.25 1008.1895 0.937063
1008.19 1008.9835 0.793937
1011.64 1012.264625 0.622
1014.47 1015.08375 0.612875
1016.62 1017.456375 0.832688
1022.73 1023.409188 0.678063
1027.7 1028.40225 0.706438
1029.7 1030.637187 0.935438
1030.81 1031.525875 0.711375
1032.32 1033.906563 1.585688
1037.45 1038.364375 0.911625
1059.23 1060.337375 1.107063
1069.73 1071.043375 1.314563
1076.96 1077.624625 0.666063
1085.43 1086.144313 0.715125
1099.14 1099.831437 0.691063
1102.34 1103.0475 0.712063
1106.01 1107.61275 1.602188
1109.16 1109.856688 0.697313
1110.9 1112.6585 1.759813
1112.74 1113.363125 0.6245
1125.04 1125.897187 0.856
1134.41 1135.313688 0.904062
1139.76 1142.076625 2.321
1152.1 1152.775938 0.67175
1156.73 1157.581938 0.847063
1167.3 1168.22475 0.919875
1169.81 1170.7975 0.983063
1173.66 1174.342375 0.685688
1174.79 1175.443812 0.655813
1180.55 1181.152625 0.603187
1186.89 1187.82275 0.937562
1195.42 1196.440938 1.021688
1199.77 1200.700125 0.927125
1206.75 1207.438 0.691438
1208.64 1209.298937 0.661125
1213.47 1214.295 0.824937
1217.07 1218.8015 1.732813
1222.76 1223.507562 0.748437
1229.06 1229.898 0.84075
1237.68 1239.621562 1.94
1239.62 1240.547687 0.925125
1249.87 1250.539937 0.67325
1250.54 1252.06875 1.528563
1265.85 1266.58575 0.732938
1268.01 1268.952875 0.93875
1279.39 1280.053938 0.65975
1288.42 1289.121437 0.702313
1295.14 1296.005437 0.866563
1297.76 1299.911188 2.155937
1305.08 1305.930188 0.851812
1307.37 1308.021125 0.651
1314.29 1314.945875 0.652687
1318.71 1319.475563 0.766125
1325.93 1326.538875 0.61325
1330.26 1331.072312 0.8075
1331.07 1331.96425 0.891313
1332.01 1332.845562 0.831375
1339.05 1339.944187 0.89525
1340.21 1341.4895 1.279125
1341.49 1342.95375 1.463188
1354.87 1355.48825 0.621375
1358.94 1359.631 0.6905
1364.71 1365.419437 0.712625
1367.81 1369.367813 1.553438
1376.47 1378.024813 1.550625
1380.34 1381.064562 0.7275
1386.22 1386.828188 0.613187
1388.85 1389.684313 0.836438
1397.9 1398.632313 0.7325
1410.37 1411.1385 0.770938
1416.61 1417.290375 0.685125
1421.27 1421.892687 0.621437
1425.91 1427.0295 1.115375
1430.47 1431.293938 0.824125
1433.73 1437.294188 3.568688
1443.5 1444.24475 0.741563
1446.29 1447.585438 1.291313
1450.83 1451.862375 1.034312
1457.25 1458.256687 1.005313
1467.29 1468.588813 1.302125
1477.41 1478.370563 0.961375
1488.13 1488.88925 0.759938
1492.74 1493.567875 0.823313
1493.68 1494.482 0.806188
1500.16 1501.0335 0.875437
1504.69 1505.451812 0.762375
1518.52 1519.143937 0.627375
1519.21 1520.030125 0.816
1522.37 1523.11075 0.742688
1523.55 1524.587 1.03325
1526.69 1528.437875 1.749812
1533.03 1533.867625 0.841938
1541.74 1542.411938 0.675125
1565.44 1566.333875 0.892437
1569.88 1571.0065 1.131438
1579.65 1580.290125 0.638062
1595.45 1596.454938 1.000438
1596.77 1597.429562 0.655125
1598.66 1599.522375 0.86575
1612.14 1613.598875 1.459375
1626.17 1626.778812 0.604
1634.34 1635.949562 1.607687
1637.47 1638.069125 0.601625
1645.74 1646.4695 0.726562
1650.58 1651.230125 0.645188
1666.48 1667.0835 0.6035
1669.95 1670.835625 0.889313
1677.57 1678.178688 0.605563
1697.47 1698.078 0.603125
1705.64 1706.816188 1.174875
1710.64 1711.295375 0.65225
1740.78 1741.442688 0.658312
1758.45 1759.423688 0.969812
1763.48 1764.161625 0.682375
1775.34 1776.323813 0.981875
1779.51 1780.187875 0.673188
1793.01 1794.118062 1.109875
1794.68 1795.306313 0.622375
1817.46 1818.226625 0.768437
1832.03 1832.713188 0.682875
1836.34 1837.028125 0.688125
1849.08 1849.816625 0.739187
1854.66 1855.294813 0.6325
1860.01 1861.014563 1.005688
1863.9 1864.52925 0.633188
1866.51 1867.959125 1.446562
1871.06 1871.741875 0.686813
1873.42 1874.539688 1.117375
1889.39 1890.32325 0.936125
1910.62 1911.289438 0.665188
1913.75 1914.508125 0.757688
1921.08 1921.728 0.645
1922.51 1924.451687 1.94425
1925.64 1926.377875 0.73375
1928.48 1929.206125 0.729563
1940.01 1940.621375 0.60825
1964.73 1966.184438 1.452313
1974.57 1975.185375 0.615125
1984.54 1986.26525 1.720375
1992.58 1993.671375 1.094062
2003.08 2004.550938 1.473313
2006.23 2007.37875 1.147625
2014.71 2015.434188 0.722938
2024.02 2026.980125 2.960812
2029.55 2030.880688 1.332938
2033.54 2034.955375 1.4145
2034.96 2035.761062 0.805625
2035.88 2037.885812 2.009875
2045.33 2046.026625 0.69525
2050.04 2050.665812 0.625125
2054.19 2054.877438 0.687562
2057.62 2058.675813 1.054688
2064.54 2066.269063 1.732563
2070.54 2071.643 1.099625
2071.64 2073.202063 1.558563
2075.52 2076.302312 0.7835
2076.72 2077.342 0.6255
2084.16 2084.9895 0.833813
2089.87 2090.764375 0.890125
2098.68 2100.042063 1.366313
2100.12 2102.595813 2.475688
2102.6 2105.903375 3.3075
2107.52 2110.136 2.617062
2118.21 2118.935687 0.729125
2120.13 2120.748812 0.61775
2121.61 2123.107375 1.498188
2125.96 2126.600937 0.64425
2126.72 2127.4575 0.7365
2128.23 2129.2075 0.976438
2129.57 2130.929562 1.355312
2130.93 2131.910063 0.980438
2135.86 2136.88475 1.024312
2139.13 2139.987062 0.858
2143.9 2144.594312 0.692937
2150.02 2150.990125 0.968938
2153.6 2154.5565 0.952125
2156.91 2158.609812 1.700688
2158.61 2160.245375 1.635
2160.27 2166.4075 6.141563
2168.37 2169.120063 0.75275
2173.22 2174.213625 0.9935
2177.6 2178.21475 0.611625
2195.45 2196.059313 0.614
2200.63 2201.460187 0.830125
2206.73 2207.685063 0.956
2216.21 2216.870875 0.661813
2223.41 2224.297437 0.890437
2230.76 2231.510063 0.749188
2235.86 2237.298688 1.441312
2241.16 2242.282625 1.118875
2245.71 2246.332188 0.617563
2255.27 2256.0015 0.727187
2271.44 2272.197938 0.756875
2276.12 2276.765438 0.644625
2280.07 2282.264 2.194
2284.19 2285.895188 1.702937
2296.59 2297.91975 1.327625
2301.82 2302.607313 0.790125
2307.19 2308.053812 0.860875
2311.86 2312.637938 0.7825
2316.94 2319.679938 2.736
2327.38 2328.226187 0.847875
2331.02 2331.939438 0.915687
2332.5 2333.143437 0.64375
2336.72 2338.2175 1.499125
2355.38 2355.997875 0.619125
2358.53 2359.172562 0.64175
2368.79 2369.507875 0.7145
2381.03 2382.21725 1.191375
2388.36 2389.038 0.679312
2398.1 2398.827438 0.724875
2402.88 2403.518125 0.636813
2407.07 2407.688375 0.614187
2413.95 2414.88675 0.93375
2424.88 2425.569937 0.69175
2429.94 2430.649812 0.708562
2450.22 2451.137688 0.916375
2464.84 2465.70625 0.87075
2474.26 2475.05575 0.793937
2499.4 2500.190687 0.795563
2500.81 2502.28325 1.478
2505.06 2505.97625 0.917375
2546.48 2547.707313 1.223437
2550.73 2551.848125 1.117312
2574.7 2575.3505 0.646375
2579.16 2579.920437 0.760125
2595.19 2596.098125 0.906188
2605.33 2606.261063 0.929937
2620.71 2621.483062 0.7705
2625.02 2625.78575 0.767313
2644.95 2646.115 1.16
2647.63 2648.448563 0.821688
2656.8 2657.497375 0.698313
2674.7 2675.332313 0.628625
2680.26 2681.042625 0.778312
2683.44 2684.748312 1.307125
2687.39 2688.083687 0.690125
2700.7 2701.400688 0.6965
2711.64 2712.317188 0.672813
2713.61 2714.276438 0.665312
2715.6 2716.2435 0.648
2720.52 2721.334688 0.811562
2725.65 2726.29925 0.652375
2735.27 2735.898688 0.624688
2740.03 2741.089 1.057562
2743.73 2744.874875 1.143625
2744.93 2745.5955 0.667687
2751.48 2753.144625 1.669438
2755.83 2756.595125 0.762188
2767.21 2767.847875 0.641062
2769.17 2772.542625 3.370875
2776.8 2777.555875 0.759938
2808.11 2808.743563 0.636563
2809.43 2810.880813 1.446813
2836.36 2837.653 1.289438
2840.91 2841.653563 0.746313
2851.6 2853.812875 2.213938
2860.36 2861.200125 0.837375
2870.08 2870.813125 0.729875
2871.93 2874.045312 2.1115
2877.39 2878.321063 0.927188
2879.32 2880.108 0.785625
2883.48 2885.68675 2.207063
2896.1 2897.437438 1.332812
2903.01 2903.857937 0.8505
2908.07 2908.774875 0.70475
2911.36 2912.601375 1.238312
2921.57 2922.208 0.635313
2926.19 2926.88175 0.69525
2929.16 2931.257375 2.09425
2933.12 2935.19675 2.07975
2942.78 2945.667313 2.882375
2961.77 2962.612687 0.847625
2966.74 2967.564688 0.825625
2977.26 2977.946875 0.683188
2991.5 2992.610938 1.112688
3040.54 3041.49375 0.950438
3044 3044.770437 0.771875
3048 3048.856375 0.857
3064.66 3065.964438 1.306938
3075.19 3075.826562 0.640188
3085.84 3087.297063 1.454
3094.06 3094.791688 0.732125
3099.47 3100.586125 1.111125
3102.54 3103.7305 1.1865
3112.88 3113.602875 0.727563
3117.97 3118.616812 0.651
3119.22 3119.853938 0.638625
3133.41 3135.206437 1.793625
3141.87 3143.190312 1.319875
3165.1 3165.7635 0.660563
3171.44 3172.1555 0.713375
3176.07 3176.808812 0.740812
3179.18 3179.898312 0.7205
3180.62 3181.247 0.62725
3194.92 3195.536938 0.616938
3200.69 3201.486188 0.79375
3203.91 3204.76025 0.853313
3211.09 3211.749813 0.658188
3219.16 3219.975188 0.815438
3220.76 3221.423813 0.663938
3224.86 3228.463125 3.599687
3231.42 3232.565625 1.144313
3233.47 3234.625875 1.153
3235.34 3236.881688 1.540188
3236.93 3239.822062 2.896625
3251.88 3257.034562 5.14975
3259.34 3260.168375 0.831813
3264.09 3264.79575 0.705187
3264.9 3267.586313 2.688125
3269.57 3270.852625 1.284813
3276.98 3278.124375 1.146562
3281.45 3282.38675 0.941125
3283.09 3284.296125 1.208625
3284.3 3285.213188 0.914687
3287.77 3288.993188 1.219
3296.02 3296.628062 0.612938
3303.92 3304.528 0.606875
3312.64 3313.589438 0.95
3321.94 3322.631125 0.690125
3334.03 3334.816375 0.784938
3337 3337.7625 0.763813
3341.26 3342.013375 0.750125
3345.1 3345.80825 0.711813
3353.11 3353.788437 0.679
3367.18 3367.917 0.732875
3371.96 3372.65725 0.701438
3377.63 3378.323625 0.693688
3383.22 3383.9665 0.7435
3391.13 3391.794313 0.668063
3406.44 3407.168125 0.72825
3411.47 3412.647188 1.1805
3424.81 3425.427563 0.619062
3443.71 3445.157 1.443437
3445.42 3446.899063 1.481
3482.72 3483.64125 0.922687
3485.83 3488.476375 2.65
3493.02 3494.017 0.994875
3511.81 3512.562688 0.749437
3514.4 3515.405438 1.00925
3525.65 3526.256188 0.601875
3532.7 3534.387313 1.684125
3544.64 3545.302437 0.664563
3552.88 3554.573875 1.696875
3555.43 3556.17825 0.753
3557.57 3558.244813 0.675063
3558.25 3559.677563 1.430625
3560.2 3561.485125 1.280188
3561.49 3562.2595 0.772687
3562.26 3562.86625 0.606688
3569.29 3569.91025 0.619375
3576.88 3577.686187 0.803375
3590.95 3591.759812 0.814688
3591.76 3592.9925 1.232625
3592.99 3594.189125 1.19525
3594.19 3595.855687 1.665375
3597.35 3598.083 0.732187
3601.27 3602.006688 0.733063
3616.63 3617.3315 0.705937
3618.15 3618.848625 0.698
3619.33 3620.546813 1.217437
3620.6 3621.247625 0.649813
3627.07 3629.362562 2.295313
3629.36 3630.014062 0.651438
3630.02 3630.669375 0.654
3637.53 3638.632687 1.1075
3641.09 3641.922125 0.833375
3644.16 3646.935687 2.780563
3646.94 3649.455688 2.519687
3649.46 3650.687313 1.23025
3651.18 3652.090125 0.908813
3652.91 3654.04575 1.137312
3656.06 3658.490313 2.425937
3658.59 3660.195438 1.608313
3660.2 3661.132 0.9355
3661.13 3662.3725 1.239375
3662.37 3663.32975 0.956375
3663.33 3664.1605 0.82975
3664.16 3666.228562 2.068
3666.84 3667.836813 0.995625
3667.88 3671.089313 3.209437
3671.26 3672.320062 1.06025
3676.94 3677.570625 0.634687
3677.57 3678.454438 0.881625
3678.64 3679.421 0.782312
3679.83 3681.163063 1.33625
3681.16 3681.805438 0.641375
3682.71 3688.322813 5.612063
3692.41 3693.249063 0.840625
3701.72 3702.533 0.815
3705.16 3706.21575 1.052312
3709.58 3710.243687 0.660438
3714.64 3715.370375 0.733563
3724.82 3725.857063 1.03725
3725.86 3726.593125 0.735688
3727.57 3728.275688 0.7035
3736.41 3737.864437 1.452438
3740.96 3742.279875 1.322938
3751.26 3752.17675 0.917625
3765.3 3766.33325 1.029438
3776.89 3777.997375 1.110938
