50 273.3 275.1 1.8
50 442.6 444.5 1.8
50 901.6 903.1 1.5
50 929.5 931.3 1.8
50 1032.4 1033.9 1.5
50 1237.8 1239.5 1.7
50 1297.8 1299.3 1.5
50 2024.2 2025.9 1.8
50 2064.7 2066.3 1.6
50 2102.8 2104.5 1.7
50 2108.1 2110.1 2.0
50 2158.6 2160.2 1.6
50 2751.5 2753.1 1.6
50 2770.8 2772.5 1.7
50 2852.0 2853.7 1.7
50 2943.5 2945.7 2.2
50 3224.9 3226.4 1.6
50 3237.9 3239.5 1.6
50 3252.2 3257.0 4.8
50 3265.8 3267.6 1.8
50 3532.8 3534.4 1.6
50 3644.2 3646.0 1.8
50 3647.8 3649.4 1.5
50 3664.2 3666.0 1.9
50 3683.7 3686.6 2.8
