0.9
1.066667
1.2
1.3
1.366667
1.433333
1.533333
1.633333
1.7
1.766667
1.8
1.866667
1.933333
2.033333
2.1
2.2
2.266667
2.366667
2.433333
2.7
2.766667
2.866667
2.933333
3.033333
3.1
3.366667
4.1
4.266667
4.6
4.7
4.766667
4.833333
4.933333
5.333333
5.6
5.666667
6.7
6.866667
7.066667
7.2
7.4
7.5
8.066667
8.166667
8.7
10
10.333333
10.666667
12.333333
14.1
15.9
16.433333
17.2
19.7
23.666667
23.833333
24
24.333333
24.666667
25.666667
26
26.1
26.9
27
27.066667
27.166667
27.233333
27.733333
27.833333
27.9
28.8
30.366667
35
35.4
35.5
35.566667
35.666667
35.733333
35.9
36
36.066667
36.333333
36.5
36.566667
38.2
101.766667
101.866667
101.933333
101.966667
102.033333
102.066667
102.1
102.133333
102.2
102.233333
102.3
108.766667
108.866667
108.9
108.933333
108.966667
109.033333
109.066667
109.1
109.133333
109.166667
109.2
109.233333
109.3
362.566667
362.6
362.633333
362.7
362.733333
362.766667
362.8
362.866667
362.9
362.966667
363
375.033333
375.066667
375.1
375.133333
375.2
375.233333
375.266667
375.3
375.333333
375.4
375.433333
375.466667
375.5
476.366667
476.466667
476.5
476.533333
476.566667
476.633333
476.666667
476.7
476.733333
476.8
476.833333
476.9
486.633333
486.7
486.733333
486.766667
486.8
486.833333
486.866667
486.9
486.966667
487
487.066667
